ALPHA_WEATHER_LAT=35.787743
ALPHA_WEATHER_LON=-78.644257